tid
20176754
20176758
20176762
20176769
20176768
20176776
20176772
20176784
20176785
20176779
20176796
20176797
20176798
20176789
20176794
20176795
20176799
20176802
20176806
20176800
20176810
20176815
20176818
20176821
20176828
20176826
20176830
20176831
20176832
20176835
20176837
20176840
20176839
20176843
20176842
20176845
20176847
20176852
20176855
20176860
20176866
20176864
20176869
20176870
20176872
20176875
20176879
20176885
20176888
20176891
20176892
20176897
20176896
20176900
20176913
20176914
20176919
20176923
20176926
20176930
20176932
20176940
20176937
20176943
20176949
20176953
20176955
20177076
20177077
20177079
20177085
20177084
20177093
20177090
20177095
20177096
20177097
20177102
20177104
20177108
20177112
20177116
20177117
20177123
20177122
20177125
20177128
20177127
20177135
20177130
20177138
20177147
20177134
20177142
20177149
20177150
20177146
20177156
20177148
20177154
20177161
20177164
20177167
20177165
20177172
20177173
20177175
20177178
20177180
20177184
20177189
20177194
20177199
20177205
20177209
20177203
20177211
20177212
20177216
20177219
20177223
20177229
20177236
20177225
20177239
20177233
20177242
20177243
20177244
20177249
20177247
20177255
20177252
20177260
20177265
20177270
20177275
20177277
20177286
20177281
20177294
20177296
20177290
20177291
20177301
20177306
20177311
20177315
20177320
20177328
20177326
20177324
20177333
20177339
20177336
20177345
20177349
20177342
20177351
20177344
20177356
20177359
20177358
20177362
20177364
20177370
20177369
20177371
20177375
20177384
20177380
20177389
20177394
20177392
20177402
20177397
20177409
20177407
20177412
20177416
20177417
20177430
20177428
20177423
20177422
20177429
20177435
20177432
20177437
20177441
20177450
20177445
20177458
20177463
20177466
20177454
20177468
20177474
20177472
20177482
20177478
20177477
20177475
20177471
20177485
20177490
20177498
20177499
20177500
20177495
20177506
20177504
20177511
20177517
20177516
20177520
20177530
20177532
20177535
20177538
20177542
20177547
20177550
20177552
20177557
20177558
20177563
20177564
20177565
20177566
20177574
20177571
20177577
20177570
20177576
20177582
20177587
20177589
20177594
20177598
20177603
20177608
20177609
20177612
20177623
20177628
20177629
20177632
20177637
20177641
20177642
20177646
20177651
20177656
20177665
20177668
20177670
20177682
20177680
20177684
20177685
20177689
20177690
20177691
20177698
20177714
20177716
20177719
20177718
20177720
20177709
20177725
20177730
20177727
20177743
20177748
20177749
20177753
20177760
20177772
20177777
20177785
20177789
20177794
20177796
20177797
20177802
20177807
20177812
20177816
20177819
20177820
20177825
20177835
20177830
20177843
20177839
20177848
20177853
20177858
20177863
20177867
20177868
20177873
20177862
20177877
20177880
20177871
20177904
20177909
20177911
20177925
20177918
20177923
20177921
20177940
20177935
20177943
20177945
20177948
20177953
20177957
20177964
20177969
20177961
20177974
20177979
20177980
20177987
20177986
20177991
20178008
20178001
20178009
20178004
20178011
20178012
20178014
20178023
20178021
20178017
20178024
20178042
20178047
20178048
20178052
20178059
20178056
20178067
20178063
20178049
20178070
20178072
20178082
20178094
20178103
20178101
20178106
20178114
20178118
20178125
20178122
20178121
20178126
20178127
20178132
20178136
20178138
20178142
20178146
20178144
20178158
20178164
20178176
20178183
20178180
20178184
20178187
20178191
20178202
20178211
20178216
20178236
20178234
20178242
20178241
20178248
20178253
20178256
20178260
20178264
20178273
20178272
20178278
20178279
20178270
20178281
20178288
20178286
20178298
20178296
20178292
20178304
20178306
20178310
20178311
20178320
20178331
20178330
20178329
20178341
20178346
20178348
20178352
20178357
20178361
20178365
20178370
20178375
20178379
20178376
20178384
20178386
20178395
20178399
20178404
20178412
20178414
20178416
20178417
20178422
20178424
20178426
20178429
20178434
20178438
20178439
20178443
20178447
20178451
20178454
20178456
20178458
20178462
20178481
20178490
20178492
20178495
20178498
20178501
20178504
20178506
20178509
20178513
20178512
20178519
20178524
20178528
20178530
20178534
20178543
20178546
20178550
20178551
20178555
20178556
20178561
20178558
20178564
20178569
20178574
20178575
20178578
20178587
20178584
20178598
20178592
20178602
20178607
20178614
20178611
20178621
20178627
20178619
20178624
20178628
20178636
20178638
20178642
20178645
20178643
20178633
20178649
20178651
20178655
20178658
20178660
20178663
20178667
20178676
20178673
20178680
20178668
20178684
20178699
20178701
20178705
20178707
20178713
20178711
20178723
20178718
20178725
20178726
20178738
20178740
20178737
20178735
20178742
20178741
20178745
20178731
20178748
20178750
20178755
20178760
20178763
20178772
20178768
20178777
20178782
20178783
20178787
20178791
20178800
20178795
20178804
20178808
20178811
20178821
20178815
20178818
20178826
20178829
20178832
20178831
20178842
20178837
20178845
20178853
20178851
20178861
20178860
20178858
20178869
20178874
20178864
20178876
20178879
20178882
20178891
20178889
20178886
20178903
20178900
20178895
20178907
20178912
20178913
20178914
20178921
20178922
20178915
20178926
20178927
20178916
20178935
20178931
20178945
20178944
20178942
20178943
20178940
20178947
20178975
20178993
20178994
20178997
20178999
20179003
20179009
20179006
20179029
20179027
20179036
20179038
20179032
20179044
20179050
20179058
20179059
20179063
20179077
20179082
20179085
20179092
20179089
20179091
20179094
20179097
20179102
20179110
20179255
20179307
20179316
20179322
20179327
20179333
20179338
20179332
20179342
20179345
20179348
20179353
20179358
20179368
20179372
20179377
20179383
20179384
20179392
20179387
20179381
20179390
20179391
20179396
20179401
20179404
20179412
20179406
20179411
20179421
20179417
20179429
20179432
20179437
20179451
20179452
20179454
20179458
20179456
20179465
20179468
20179478
20179481
20179487
20179486
20179492
20179500
20179496
20179512
20179518
20179522
20179524
20179504
20179532
20179530
20179528
20179540
20179537
20179545
20179549
20179557
20179559
20179560
20179564
20179572
20179552
20179570
20179576
20179586
20179580
20179602
20179596
20179607
20179598
20179618
20179612
20179613
20179615
20179624
20179620
20179629
20179632
20179633
20179638
20179640
20179639
20179645
20179656
20179660
20179663
20179669
20179664
20179674
20179685
20179687
20179696
20179692
20179698
20179695
20179703
20179709
20179706
20179710
20179715
20179716
20179714
20179724
20179734
20179735
20179740
20179739
20179748
20179743
20179744
20179751
20179755
20179757
20179768
20179771
20179777
20179781
20179785
20179788
20179787
20179795
20179802
20179800
20179801
20179805
20179810
20179815
20179821
20179820
20179822
20179828
20179831
20179837
20179836
20179841
20179844
20179848
20179853
20179856
20179861
20179864
20179867
20179872
20179873
20179876
20179881
20179884
20179886
20179892
20179887
20179896
20179901
20179904
20179907
20179912
20179915
20179913
20179919
20179924
20179923
20179928
20179926
20179932
20179937
20179944
20179948
20179951
20179952
20179955
20179954
20179959
20179963
20179966
20179969
20179976
20179974
20179981
20179980
20179986
20179984
20179994
20179989
20179991
20180000
20180003
20179999
20180013
20180011
20180028
20180034
20180033
20180035
20180039
20180040
20180043
20180045
20180047
20180050
20180051
20180055
20180061
20180059
20180065
20180069
20180073
20180077
20180082
20180087
20180088
20180093
20180097
20180099
20180102
20180103
20180107
20180111
20180112
20180115
20180120
20180124
20180134
20180129
20180132
20180142
20180137
20180149
20180153
20180148
20180145
20180159
20180157
20180166
20180167
20180155
20180164
20180169
20180177
20180174
20180182
20180190
20180187
20180198
20180194
20180202
20180203
20180206
20180209
20180213
20180217
20180223
20180228
20180233
20180230
20180237
20180221
20180241
20180245
20180261
20180267
20180266
20180271
20180276
20180277
20180282
20180285
20180286
20180289
20180291
20180295
20180297
20180302
20180304
20180307
20180311
20180317
20180316
20180322
20180321
20180327
20180331
20180337
20180335
20180341
20180346
20180350
20180352
20180359
20180363
20180365
20180357
20180372
20180370
20180376
20180379
20180377
20180386
20180384
20180391
20180398
20180393
20180395
20180403
20180402
20180400
20180406
20180408
20180413
20180418
20180423
20180428
20180430
20180432
20180435
20180437
20180436
20180442
20180444
20180448
20180453
20180457
20180461
20180464
20180466
20180470
20180472
20180478
20180477
20180483
20180486
20180494
20180487
20180489
20180500
20180497
20180499
20180498
20180506
20180515
20180514
20180502
20180519
20180523
20180511
20180527
20180520
20180534
20180529
20180530
20180539
20180540
20180545
20180543
20180549
20180554
20180556
20180562
20180563
20180557
20180566
20180571
20180573
20180578
20180588
20180583
20180589
20180599
20180591
20180597
20180595
20180602
20180603
20180604
20180612
20180606
20180608
20180611
20180613
20180616
20180629
20180633
20180624
20180626
20180634
20180637
20180644
20180640
20180638
20180649
20180651
20180655
20180661
20180665
20180669
20180647
20180678
20180674
20180688
20180683
20180694
20180692
20180696
20180699
20180703
20180708
20180709
20180712
20180714
20180716
20180720
20180721
20180725
20180727
20180731
20180737
20180740
20180741
20180743
20180746
20180749
20180751
20180759
20180755
20180763
20180754
20180767
20180769
20180773
20180784
20180787
20180788
20180794
20180798
20180804
20180809
20180820
20180821
20180826
20180844
20180839
20180833
20180837
20180845
20180849
20180854
20180862
20180873
20180864
20180878
20180880
20180881
20180867
20180884
20180887
20180891
20180894
20180898
20180902
20180906
20180907
20180903
20180905
20180912
20180910
20180917
20180919
20180922
20180928
20180936
20180925
20180931
20180940
20180939
20180950
20180944
20180952
20180953
20180954
20180958
20180946
20180962
20180970
20180967
20180968
20180977
20180986
20180982
20180996
20180991
20181006
20181010
20181007
20181021
20181016
20181022
20181024
20181031
20181028
20181013
20181026
20181035
20181036
20181037
20181038
20181042
20181049
20181051
20181053
20181047
20181055
20181062
20181057
20181073
20181064
20181065
20181077
20181081
20181074
20181070
20181079
20181084
20181089
20181094
20181071
20181102
20181103
20181098
20181110
20181111
20181113
20181107
20181123
20181118
20181128
20181127
20181135
20181131
20181140
20181148
20181141
20181156
20181158
20181146
20181151
20181159
20181163
20181164
20181174
20181173
20181169
20181182
20181187
20181179
20181191
20181198
20181197
20181203
20181200
20181196
20181207
20181206
20181213
20181218
20181223
20181226
20181230
20181211
20181234
20181242
20181247
20181245
20181244
20181238
20181248
20181254
20181255
20181259
20181251
20181270
20181277
20181281
20181284
20181287
20181288
20181292
20181297
20181300
20181302
20181307
20181309
20181314
20181317
20181321
20181326
20181328
20181329
20181333
20181337
20181339
20181338
20181341
20181342
20181344
20181343
20181350
20181349
20181354
20181358
20181363
20181365
20181362
20181372
20181369
20181375
20181374
20181381
20181373
20181380
20181387
20181382
20181390
20181388
20181392
20181396
20181399
20181402
20181405
20181407
20181408
20181411
20181413
20181421
20181418
20181427
20181423
20181430
20181432
20181435
20181434
20181440
20181448
20181445
20181452
20181453
20181459
20181457
20181468
20181463
20181472
20181477
20181482
20181484
20181488
20181492
20181495
20181498
20181501
20181503
20181504
20181507
20181509
20181516
20181514
20181520
20181523
20181518
20181531
20181532
20181528
20181537
20181534
20181543
20181547
20181540
20181551
20181556
20181562
20181558
20181568
20181573
20181565
20181564
20181575
20181582
20181590
20181585
20181595
20181603
20181598
20181601
20181615
20181618
20181607
20181617
20181611
20181623
20181624
20181628
20181634
20181640
20181645
20181652
20181650
20181661
20181658
20181659
20181666
20181670
20181674
20181677
20181680
20181684
20181689
20181693
20181692
20181695
20181700
20181701
20181903
20181910
20181918
20181925
20181919
20181927
20181933
20181936
20181939
20181941
20181945
20181949
20181948
20181954
20181966
20181964
20181978
20181971
20181975
20181981
20181983
20181994
20181996
20181999
20182003
20182008
20182011
20182015
20182017
20182021
20182027
20182025
20182032
20182036
20182041
20182044
20182048
20182052
20182055
20182059
20182061
20182064
20182065
20182070
20182077
20182075
20182078
20182079
20182091
20182087
20182083
20182095
20182101
20182096
20182106
20182116
20182111
20182117
20182122
20182128
20182131
20182139
20182134
20182143
20182135
20182141
20182146
20182149
20182152
20182151
20182159
20182172
20182177
20182182
20182183
20182188
20182191
20182195
20182200
20182209
20182216
20182219
20182222
20182229
20182230
20182232
20182237
20182241
20182240
20182246
20182249
20182264
20182268
20182267
20182272
20182285
20182280
20182275
20182287
20182290
20182292
20182305
20182309
20182310
20182315
20182688
20182691
20182692
20182697
20182700
20182705
20182706
20182710
20182715
20182717
20182720
20182721
20182724
20182723
20182733
20182728
20182737
20182745
20182751
20182749
20182752
20182753
20182757
20182759
20182761
20182765
20182768
20182773
20182777
20182780
20182787
20182784
20182796
20182806
20182801
20182812
20182810
20182813
20182819
20182815
20182824
20182816
20182829
20182833
20182838
20182839
20182847
20182840
20182848
20182856
20182851
20182842
20182861
20182864
20182859
20182868
20182865
20182872
20182866
20182884
20182886
20182890
20182892
20182895
20182898
20182900
20182902
20182905
20182908
20182911
20182915
20182914
20182920
20182922
20182934
20182927
20182936
20182931
20182941
20182940
20182939
20182945
20182947
20182952
20183021
20183017
20183024
20183026
20183028
20183031
20183033
20183038
20183042
20183043
20183046
20183041
20183050
20183065
20183060
20183071
20183068
20183070
20183074
20183077
20183080
20183082
20183089
20183085
20183090
20183098
20183101
20183104
20183111
20183117
20183109
20183119
20183114
20183124
20183129
20183146
20183134
20183151
20183149
20183142
20183158
20183163
20183155
20183171
20183166
20183176
20183162
20183185
20183181
20183184
20183194
20183189
20183201
20183203
20183204
20183209
20183196
20183215
20183218
20183217
20183214
20183222
20183229
20183228
20183231
20183225
20183240
20183237
20183244
20183232
20183246
20183248
20183243
20183262
20183264
20183272
20183267
20183268
20183274
20183279
20183283
20183284
20183288
20183291
20183296
20183300
20183304
20183312
20183311
20183310
20183308
20183317
20183321
20183340
20183377
20183509
20183510
20183515
20183514
20183517
20183522
20183525
20183523
20183521
20183531
20183537
20183540
20183543
20183544
20183552
20183546
20183557
20183554
20183568
20183572
20183577
20183581
20183589
20183584
20183606
20183602
20183612
20183618
20183616
20183622
20183624
20183628
20183633
20183645
20183644
20183637
20183643
20183647
20183658
20183661
20183665
20183670
20183676
20183664
20183678
20183680
20183685
20183688
20183691
20183705
20183710
20183713
20183717
20183722
20183726
20183731
20183748
20183749
20183754
20183759
20183763
20183768
20183772
20183773
20183777
20183779
20183780
20183787
20183785
20183797
20183792
20183805
20183809
20183806
20183812
20183814
20183816
20183819
20183822
20183826
20183828
20183829
20183836
20183843
20183842
20183841
20183851
20183847
20183854
20183863
20183858
20183870
20183869
20183874
20183871
20183865
20183876
20183878
20183866
20183887
20183896
20183891
20183895
20183906
20183903
20183898
20183901
20183908
20183911
20183915
20183918
20183923
20183927
20183941
20183939
20183931
20183934
20183951
20183950
20183945
20183956
20183959
20183964
20183969
20183973
20183978
20183979
20183984
20183986
20183988
20183989
20183991
20183994
20183998
20184000
20184004
20184006
20184001
20184009
20184007
20184010
20184014
20184012
20184018
20184016
20184020
20184017
20184021
20184025
20184029
20184034
20184035
20184036
20184037
20184041
20184046
20184051
20184059
20184055
20184054
20184063
20184069
20184064
20184074
20184079
20184083
20184085
20184090
20184098
20184095
20184097
20184096
20184103
20184111
20184106
20184116
20184117
20184118
20184123
20184125
20184130
20184132
20184137
20184136
20184142
20184151
20184157
20184169
20184174
20184178
20184182
20184186
20184357
20184361
20184366
20184370
20184373
20184369
20184378
20184382
20184384
20184391
20184386
20184387
20184396
20184398
20184399
20184408
20184411
20184412
20184404
20184416
20184413
20184418
20184422
20184434
20184427
20184436
20184429
20184441
20184442
20184445
20184450
20184454
20184456
20184452
20184461
20184468
20184463
20184477
20184482
20184486
20184498
20184495
20184510
20184502
20184513
20184523
20184526
20184532
20184550
20184555
20184556
20184559
20184563
20184567
20184571
20184573
20184577
20184582
20184594
20184598
20184602
20184607
20184611
20184614
20184615
20184620
20184624
20184627
20184629
20184631
20184633
20184630
20184636
20184640
20184642
20184645
20184650
20184654
20184656
20184658
20184662
20184666
20184669
20184674
20184677
20184683
20184681
20184685
20184688
20184689
20184691
20184693
20184696
20184699
20184706
20184704
20184711
20184715
20184718
20184723
20184726
20184725
20184731
20184732
20184737
20184740
20184741
20184745
20184751
20184750
20184757
20184754
20184763
20184762
20184767
20184771
20184776
20184775
20184781
20184791
20184785
20184789
20184798
20184800
20184795
20184809
20184804
20184813
20184820
20184823
20184815
20184829
20184833
20184826
20184838
20184937
20184941
20184948
20184953
20184939
20184945
20184956
20184957
20184961
20184964
20184968
20184966
20184977
20184972
20184980
20184975
20184978
20184979
20184983
20184990
20184981
20184987
20184999
20185010
20185000
20185014
20185019
20185009
20185028
20185023
20185032
20185029
20185035
20185040
20185044
20185047
20185051
20185057
20185052
20185056
20185060
20185063
20185066
20185065
20185068
20185073
20185078
20185087
20185080
20185085
20185092
20185095
20185098
20185108
20185099
20185103
20185113
20185110
20185114
20185121
20185122
20185126
20185127
20185128
20185130
20185135
20185136
20185138
20185143
20185148
20185151
20185153
20185154
20185155
20185159
20185164
20185168
20185171
20185172
20185174
20185177
20185182
20185185
20185190
20185192
20185197
20185199
20185203
20185202
20185206
20185209
20185212
20185216
20185220
20185222
20185224
20185229
20185232
20185236
20185241
20185244
20185246
20185250
20185254
20185256
20185260
20185262
20185265
20185266
20185268
20185271
20185273
20185277
20185282
20185285
20185289
20185293
20185297
20185301
20185306
20185308
20185312
20185317
20185320
20185316
20185331
20185328
20185325
20185332
20185337
20185343
20185338
20185351
20185348
20185353
20185346
20185357
20185366
20185367
20185372
20185361
20185379
20185378
20185377
20185383
20185386
20185396
20185389
20185391
20185400
20185404
20185405
20185407
20185412
20185417
20185426
20185430
20185434
20185442
20185446
20185438
20185444
20185454
20185462
20185457
20185449
20185465
20185458
20185470
20185480
20185482
20185475
20185488
20185492
20185494
20185496
20185486
20185500
20185508
20185505
20185522
20185523
20185528
20185529
20185531
20185535
20185540
20185534
20185538
20185541
20185546
20185548
20185552
20185549
20185556
20185561
20185559
20185563
20185564
20185573
20185571
20185577
20185584
20185585
20185582
20185568
20185589
20185581
20185588
20185586
20185593
20185595
20185602
20185599
20185610
20185612
20185604
20185605
20185621
20185626
20185629
20185617
20185627
20185636
20185637
20185639
20185632
20185649
20185657
20185660
20185663
20185672
20185667
20185666
20185675
20185679
20185674
20185693
20185684
20185689
20185690
20185700
20185698
20185705
20185708
20185713
20185715
20185720
20185727
20185723
20185731
20185735
20185744
20185748
20185751
20185756
20185764
20185765
20185771
20185767
20185777
20185778
20185779
20185776
20185781
20185785
20185786
20185791
20185793
20185795
20185796
20185799
20185803
20185806
20185805
20185807
20185809
20185813
20185814
20185817
20185822
20185826
20185829
20185830
20185838
20185835
20185846
20185848
20185850
20185853
20185858
20185856
20185863
20185864
20185867
20185868
20185872
20185876
20185879
20185880
20185885
20185890
20185894
20185902
20185900
20185904
20185896
20185911
20185909
20185921
20185916
20185924
20185933
20185937
20185928
20185940
20185938
20185950
20185951
20185954
20185959
20185958
20185969
20185968
20185964
20185981
20185982
20185984
20185979
20185987
20185988
20185992
20185997
20186000
20186003
20186008
20186012
20186017
20186013
20186018
20186019
20186024
20186029
20186034
20186037
20186038
20186036
20186033
20186047
20186043
20186052
20186055
20186054
20186058
20186061
20186064
20186068
20186074
20186072
20186079
20186089
20186084
20186093
20186096
20186101
20186106
20186110
20186109
20186112
20186116
20186121
20186130
20186126
20186127
20186134
20186141
20186145
20186148
20186138
20186152
20186153
20186150
20186155
20186160
20186162
20186163
20186170
20186166
20186178
20186177
20186187
20186194
20186183
20186189
20186195
20186199
20186201
20186204
20186206
20186209
20186214
20186223
20186219
20186234
20186228
20186235
20186236
20186239
20186243
20186248
20186249
20186254
20186258
20186259
20186262
20186265
20186273
20186274
20186277
20186279
20186281
20186283
20186286
20186288
20186291
20186293
20186298
20186299
20186301
20186306
20186307
20186312
20186317
20186319
20186323
20186327
20186328
20186336
20186331
20186341
20186346
20186351
20186356
20186358
20186362
20186371
20186363
20186364
20186366
20186376
20186378
20186383
20186385
20186390
20186393
20186405
20186406
20186410
20186413
20186418
20186422
20186423
20186433
20186428
20186439
20186443
20186445
20186438
20186450
20186452
20186458
20186456
20186459
20186466
20186463
20186468
20186472
20186475
20186476
20186484
20186479
20186480
20186490
20186489
20186498
20186500
20186501
20186506
20186508
20186510
20186512
20186517
20186519
20186523
20186525
20186530
20186533
20186535
20186538
20186542
20186549
20186550
20186547
20186565
20186567
20186571
20186574
20186578
20186579
20186577
20186581
20186584
20186588
20186598
